user_id;Mainstream;country;gender;Age
20146143;0;13;1;10
47706954;0;5;1;10
48888997;0;40;1;10
10519286;0;2;1;20
46124973;0;13;1;10
46969443;0;0;0;10
48411267;0;13;1;10
48280829;0;45;1;20
6124452;0;21;1;20
6017403;0;45;1;20
39125096;0;45;1;20
13550637;0;39;1;20
31365192;0;45;0;30
46321260;0;45;1;40
6464088;0;39;1;30
8697393;0;35;1;10
14145793;0;5;1;20
37789639;0;22;0;30
35389703;0;35;1;10
18357256;0;35;1;10
22857554;0;45;1;20
17958709;0;45;1;60
2968467;0;45;1;20
8843427;0;45;1;20
31779358;0;44;1;20
35328615;0;35;1;40
40374269;0;11;0;10
21117769;0;44;1;50
4722861;0;35;1;20
13686069;0;33;1;40
14854927;0;35;0;10
5426684;0;45;1;20
48501447;0;45;1;20
4926271;0;45;1;20
49077368;0;16;1;60
15200639;0;41;1;20
13776857;0;2;1;20
47885122;0;5;1;20
42433958;0;45;1;10
39177243;0;10;1;20
41508961;0;5;0;20
10107484;0;17;0;20
2391075;0;7;0;20
21664632;0;5;1;20
42351116;0;39;1;30
25258875;0;45;1;10
27328516;0;44;1;10
8991303;0;12;1;20
14864784;0;4;1;40
7472315;0;32;1;30
30556353;0;39;1;20
40899009;0;35;0;20
14207588;0;35;1;20
24676138;0;13;1;20
43039713;0;8;0;20
6578859;0;44;1;20
12966151;0;45;0;10
39251406;0;1;1;10
12436816;0;45;1;20
17035824;0;35;0;20
38723869;0;45;0;20
15151352;0;43;1;30
3996907;0;12;0;20
41693536;0;9;1;20
20236723;0;5;1;20
13972084;0;2;1;20
49582326;0;5;1;10
31001765;0;21;1;30
6544863;0;39;1;20
39685444;0;13;1;20
21349889;0;45;1;30
9226910;0;4;1;20
31429509;0;5;1;20
26301648;0;17;0;10
27157364;0;45;1;20
41909551;0;2;1;10
3337513;0;45;1;30
24521594;0;35;0;10
45757274;0;22;1;20
42658567;0;44;0;10
11182491;0;16;1;10
37287323;0;22;0;20
47714509;0;5;1;10
36809108;0;35;1;10
26629794;0;5;1;10
47510000;0;16;0;20
29235495;0;5;0;20
43109689;0;18;1;40
47522615;0;5;0;20
25477759;0;45;1;10
48662054;0;39;1;10
49317227;0;44;1;0
26236539;0;5;1;10
34072034;0;45;0;20
35486338;0;6;1;20
19274747;0;13;1;30
39589353;0;45;0;10
5400607;0;7;1;20
49079100;0;2;0;20
45906842;0;35;0;10
4666436;0;44;1;20
5596586;0;2;1;20
19766048;0;13;1;30
48160313;0;39;0;10
11530676;0;18;1;20
28856624;0;45;1;20
15378145;0;13;1;20
48265524;0;31;1;10
48627009;0;39;0;10
49088146;0;5;1;20
43083674;0;32;1;20
49577030;0;45;0;20
12402759;0;16;1;10
4933688;0;3;1;40
17179085;0;35;1;10
30384214;0;27;0;20
35369898;0;45;0;10
26399024;0;13;0;20
4803440;0;21;1;30
9523193;0;12;1;20
21245806;0;45;1;20
45919918;0;34;1;10
36939883;0;45;1;40
29567302;0;13;1;40
29247659;0;43;1;20
38979243;0;13;1;10
18826203;0;5;0;10
45611882;0;35;1;10
34357803;0;45;1;20
40866793;0;26;1;20
49273159;0;3;0;10
15576987;0;45;1;10
48940531;0;8;1;30
21360655;0;45;1;20
42327476;0;2;1;10
9818864;0;13;1;10
31182905;0;41;1;10
7563193;0;18;1;20
18498818;0;45;0;40
17074230;0;35;1;20
3546136;0;13;1;90
5793279;0;7;0;20
5703352;0;44;1;10
5972502;0;13;1;20
31904870;0;39;0;10
5241479;0;13;1;20
15394680;0;39;1;10
6763319;0;28;1;50
49108981;0;5;0;10
42478757;0;45;1;40
48597151;0;44;0;30
39360369;0;13;0;20
19013123;0;12;0;20
14325246;0;31;1;20
3727691;0;45;1;60
3412886;0;7;1;20
47874565;0;39;1;10
40400131;0;7;1;20
21635591;0;13;1;10
41724790;0;22;1;20
14437683;0;13;1;20
10160053;0;13;1;20
28618780;0;45;1;40
40575227;0;44;1;10
4845971;0;45;1;30
9216900;0;1;1;20
9362876;0;3;1;10
14245724;0;35;1;10
3200397;0;39;1;30
13674912;0;43;1;10
5502042;0;8;1;30
27637990;0;43;1;20
35605930;0;2;1;20
25694264;0;28;1;40
42439361;0;45;1;10
11600787;0;31;1;20
5329116;0;13;1;30
6942515;0;12;0;20
5482664;0;13;1;20
32845547;0;27;1;10
45404392;0;31;1;10
20452389;0;41;1;10
6473142;0;16;1;20
49614903;0;28;1;10
24990747;0;45;0;10
29338938;0;44;1;10
7679069;0;18;1;40
5048235;0;44;0;20
31675641;0;16;1;20
21171824;0;13;1;40
49280185;0;45;0;40
41386366;0;45;0;10
5710558;0;45;0;20
26971671;0;13;0;20
3649737;0;27;1;20
47383873;0;5;1;20
46916914;0;13;0;20
11979932;0;13;0;10
3875659;0;44;1;20
42454973;0;5;0;10
8848380;0;43;1;20
31346284;0;35;0;10
25399484;0;39;1;20
24255514;0;16;0;10
31431996;0;45;1;10
39250076;0;29;0;10
46587112;0;44;1;20
5128699;0;33;1;30
40762577;0;35;0;10
47610543;0;39;1;20
26245007;0;45;0;40
36277707;0;16;1;20
5574978;0;42;1;20
39601889;0;44;0;40
2467229;0;13;1;20
7401116;0;38;1;20
47578546;0;13;0;20
28117230;0;2;1;10
21638688;0;16;1;10
1070023;0;45;1;30
31398039;0;44;1;20
21726187;0;5;1;10
12312314;0;45;1;10
30060276;0;45;0;10
22569778;0;39;1;20
5072250;0;44;1;20
31378602;0;45;1;20
49570681;0;32;1;50
7681828;0;13;0;10
6731472;0;45;1;20
49300730;0;45;0;20
24425418;0;45;0;20
49079364;0;13;1;20
4168551;0;24;1;20
25016660;0;13;0;10
42102510;0;45;1;10
39490827;0;5;1;10
39923008;0;35;0;10
31435741;0;39;1;10
14004728;0;21;0;20
21877687;0;21;1;20
17919830;0;35;1;20
30536537;0;44;1;10
37363279;0;39;1;20
3868463;0;20;1;20
5302726;0;46;1;40
36403103;0;6;1;20
8579076;0;45;1;20
37486328;0;2;1;20
30833098;0;45;1;20
42673690;0;18;0;20
42242397;0;33;1;10
6882347;0;45;1;30
45177140;0;35;0;10
42526371;0;13;1;20
47158863;0;13;1;20
2248678;0;5;1;20
17634835;0;45;1;10
46607047;0;17;0;10
6087875;0;12;1;20
26021646;0;45;0;20
9597514;0;2;1;20
7078077;0;2;1;10
7278831;0;45;1;20
19994231;0;45;0;10
4677456;0;39;1;20
10898858;0;13;1;30
17830232;0;6;0;20
25078963;0;5;1;10
8071829;0;35;0;20
14978402;0;41;1;10
45664000;0;45;1;10
37355786;0;39;1;20
15581142;0;39;0;30
12572303;0;10;1;10
20969959;0;45;1;40
18377308;0;31;1;30
48828507;0;5;0;10
41423490;0;44;1;20
32347369;0;7;0;20
25275343;0;44;1;20
31619541;0;44;0;20
27837739;0;45;1;10
35583747;0;39;1;20
26249065;0;13;1;20
26692492;0;10;1;10
3322129;0;44;0;20
14503758;0;39;0;20
34060820;0;39;0;10
35387020;0;5;0;10
48378001;0;35;1;10
48946014;0;26;0;20
11351412;0;13;1;20
5060760;0;12;1;20
45641776;0;38;1;10
10015590;0;32;1;20
46168176;0;22;1;20
45320057;0;45;0;10
41651278;0;31;1;20
22277360;0;0;1;10
9407250;0;20;0;10
5584452;0;40;1;20
26505128;0;39;1;10
2509909;0;45;1;10
12657044;0;9;0;20
20660658;0;35;1;10
47593730;0;18;1;20
11508376;0;32;1;20
10949302;0;40;0;10
21897066;0;35;1;20
38862637;0;45;1;20
39507358;0;13;1;20
27355236;0;22;1;10
36642637;0;43;1;10
7336896;0;13;0;10
47128063;0;2;1;20
31641273;0;45;1;20
8731709;0;45;1;20
30345360;0;6;1;20
29870518;0;40;0;20
5923339;0;45;1;40
32388156;0;45;1;10
2556103;0;45;1;20
38586816;0;35;0;20
32715740;0;5;1;10
32695743;0;39;0;20
35357066;0;44;1;20
23528874;0;13;0;10
11675871;0;13;0;10
25337085;0;35;0;10
29607215;0;35;0;10
8907182;0;27;1;30
15941872;0;44;1;20
40664125;0;45;1;10
23850979;0;45;1;10
7951942;0;39;1;20
25077323;0;44;1;10
17799138;0;45;0;10
19808308;0;13;1;10
25462691;0;45;1;10
36607709;0;44;1;20
48592426;0;44;1;10
45664085;0;44;1;20
21293881;0;45;1;20
46087194;0;44;1;40
20856644;0;39;1;20
2364460;0;6;1;20
12523517;0;44;1;10
27246515;0;44;1;20
6308224;0;5;1;10
26367874;0;35;1;20
7335723;0;27;1;40
41702414;0;16;0;10
3960625;0;1;1;20
30502466;0;45;0;30
41462124;0;38;1;20
7094309;0;40;1;20
8797277;0;31;1;20
6096026;0;44;1;30
28331422;0;35;1;10
18552579;0;40;0;10
3393602;0;44;1;20
37455161;0;44;1;20
19211974;0;13;1;40
20717653;0;21;1;20
6601407;0;27;1;20
17403819;0;39;1;20
2246867;0;15;0;20
48508578;0;2;1;10
3422269;0;25;1;20
4421277;0;32;1;20
3557984;0;45;1;20
23862292;0;6;1;20
30975301;0;28;1;20
49282468;0;14;1;20
49542403;0;45;0;30
16438087;0;38;0;10
24581761;0;13;1;40
45227499;0;45;0;10
20686699;0;45;1;20
14199108;0;45;1;10
12043444;0;1;0;20
3115048;0;7;1;30
6836137;0;45;0;20
47679064;0;27;1;10
42733726;0;7;0;20
15161997;0;13;1;10
28785001;0;45;1;40
40406437;0;20;1;20
9030280;0;35;1;20
5596723;0;7;1;90
19661203;0;13;0;10
49624060;0;2;0;20
18862730;0;27;1;20
5076402;0;33;1;20
18501433;0;45;1;30
9892062;0;13;1;20
49586177;0;5;1;10
38572004;0;10;1;20
8372114;0;33;1;20
48745812;0;5;1;10
41388529;0;43;1;20
29369803;0;39;0;10
13788675;0;44;1;10
6258625;0;45;1;20
40832641;0;5;0;10
19086268;0;44;1;40
5373168;0;13;1;20
42608485;0;28;1;20
4363936;0;13;1;20
4273073;0;13;1;20
6045976;0;39;1;10
37618185;0;26;1;20
4845079;0;45;0;10
5714524;0;13;1;20
2246769;0;5;0;30
28865748;0;43;1;10
32219446;0;39;0;10
5037301;0;44;1;20
7355477;0;45;1;20
35301991;0;22;1;20
48060592;0;43;1;20
18933511;0;13;1;40
15368947;0;45;1;20
2856654;0;45;0;30
38207885;0;45;0;30
11718649;0;18;1;20
17538675;0;8;1;30
12774310;0;8;1;20
11921725;0;28;1;30
21578140;0;5;1;20
17037207;0;44;1;10
7957943;0;45;1;10
18501188;0;45;0;10
39284385;0;45;0;10
8644714;0;14;1;20
49827487;0;35;1;20
11176294;0;16;1;30
5705005;0;16;1;30
17911762;0;39;1;20
24949314;0;45;0;20
27494856;0;45;1;10
21545054;0;45;1;20
38069615;0;28;1;20
14495454;0;13;1;20
19145977;0;44;1;20
36541351;0;13;1;10
45875782;0;22;1;10
39893299;0;16;1;20
25961007;0;27;1;30
13108801;0;5;1;10
10045282;0;32;1;30
21478665;0;39;1;20
9957290;0;13;0;20
32849881;0;44;1;10
35673011;0;10;1;20
14518405;0;5;1;10
6266231;0;45;1;40
14203604;0;16;1;40
13629843;0;39;1;20
4251999;0;45;0;20
48781366;0;40;0;10
9019624;0;44;1;20
46895431;0;16;1;30
18474226;0;44;1;20
3413851;0;12;1;20
9256640;0;1;0;20
30895613;0;35;1;10
8985317;0;5;0;20
12347498;0;7;1;20
19522991;0;32;0;20
21463295;0;2;0;10
30866239;0;5;1;20
41450767;0;45;1;20
14258565;0;13;0;20
7768595;0;43;0;20
10863903;0;39;1;20
6398204;0;39;1;0
41967718;0;41;1;10
45436684;0;18;1;10
10296268;0;31;1;20
49758944;0;45;1;20
21748346;0;45;0;20
7122625;0;45;1;20
41310352;0;1;1;20
12830823;0;44;1;10
25068323;0;5;1;20
17478742;0;5;1;10
17853660;0;45;0;10
40745450;0;45;1;30
22504404;0;39;1;20
39744832;0;39;1;20
5200057;0;45;1;20
18650111;0;13;0;20
10204643;0;17;1;20
35125921;0;44;1;10
39585281;0;45;1;20
35005200;0;39;1;20
5228326;0;2;0;20
4570701;0;35;1;10
35545153;0;13;0;30
6280895;0;45;1;20
17434000;0;44;1;20
47176842;0;13;1;20
34806550;0;6;1;10
33656524;0;3;0;20
20711325;0;39;1;10
9003804;0;37;1;20
7590915;0;35;0;20
49593878;0;43;1;20
40046661;0;2;1;20
47826631;0;45;1;30
37977587;0;14;1;10
22467251;0;45;0;20
42664044;0;35;1;10
48551527;0;18;1;20
32032814;0;44;0;10
19845297;0;17;0;10
18358247;0;32;0;20
12269965;0;1;0;10
22406416;0;35;1;20
17593368;0;35;0;20
23780659;0;44;1;30
16660578;0;5;1;20
11161222;0;7;0;20
20004191;0;13;1;40
32504538;0;13;0;20
5382925;0;39;1;20
11557229;0;45;1;30
14657334;0;13;0;20
13807827;0;18;1;20
5334635;0;5;1;20
20915324;0;7;1;20
29585839;0;22;0;20
26912572;0;44;1;20
7358376;0;44;0;30
36971267;0;13;1;50
27561139;0;3;1;20
46449579;0;11;1;10
11437587;0;45;1;20
10492361;0;45;0;20
49600760;0;35;1;10
8710049;0;2;1;10
47239631;0;39;1;10
25335465;0;27;1;20
5103378;0;16;0;20
28278212;0;45;1;20
48126211;0;45;1;10
48927587;0;9;1;10
6445021;0;13;1;40
2536308;0;39;1;20
6065666;0;44;0;20
22090755;0;45;1;50
7123759;0;44;0;20
20186027;0;44;1;50
45945095;0;13;1;50
19190887;0;5;1;10
2446968;0;1;1;20
7422722;0;5;1;20
19895175;0;45;0;10
10896810;0;45;0;20
25650212;0;27;1;20
26190043;0;5;0;20
20554519;0;44;0;40
14368749;0;35;0;10
13647968;0;27;1;20
9273074;0;43;1;20
49425793;0;5;1;10
18994488;0;44;0;30
9955913;0;21;1;20
23848324;0;7;1;10
17086401;0;45;1;10
47073692;0;16;1;20
46739527;0;45;1;30
35509265;0;23;1;10
48721599;0;18;1;10
21103364;0;42;0;20
47030579;0;8;1;30
48807759;0;45;0;10
38903385;0;13;1;20
13301095;0;3;0;20
25993910;0;44;1;10
36577011;0;10;1;10
47936972;0;44;1;20
3474413;0;13;1;30
3532686;0;28;1;20
27150005;0;39;0;10
39561068;0;13;1;60
40409333;0;45;1;10
33305405;0;39;1;20
18379421;0;6;1;20
13578437;0;17;1;10
4509271;0;44;1;10
20213247;0;45;1;30
6615004;0;45;1;20
28129504;0;45;1;20
47385039;0;13;0;50
6446517;0;35;1;10
13007152;0;27;0;50
10031599;0;35;0;20
39839546;0;5;1;10
49798384;0;13;0;20
8691696;0;35;1;20
49369485;0;14;1;30
5773732;0;8;1;30
31317736;0;13;1;40
5711380;0;13;1;20
38122395;0;39;0;10
3123045;0;45;1;20
32132341;0;45;0;70
2828087;0;16;0;20
7954479;0;32;1;30
9087534;0;36;1;20
29574155;0;9;0;20
28216065;0;39;1;10
20378211;0;39;0;20
11454583;0;45;0;30
29506287;0;39;1;20
49437285;0;39;1;10
2992404;0;45;1;20
5394675;0;45;1;20
9625140;0;45;1;30
29262671;0;33;1;20
10386404;0;42;1;20
28921931;0;5;1;10
15878845;0;43;1;20
4084063;0;2;1;20
24388910;0;35;1;20
17134128;0;39;1;10
48506818;0;22;1;10
2348935;0;8;1;20
11495298;0;45;1;20
49591087;0;5;1;10
46967106;0;0;0;10
1072752;0;14;1;40
42515544;0;18;0;20
9743808;0;35;1;10
28194364;0;43;0;10
49119286;0;45;1;30
3519835;0;32;0;20
13073095;0;13;1;30
33216886;0;22;1;20
11064994;0;44;1;20
29529737;0;3;1;20
3837198;0;44;1;30
17625715;0;45;1;20
34993945;0;0;0;20
37971975;0;35;0;10
41140958;0;44;1;20
28099114;0;13;1;10
46149368;0;18;1;10
46826163;0;16;1;30
12294000;0;42;1;20
49546737;0;40;1;10
6989831;0;45;0;20
42932079;0;13;1;20
10909746;0;39;0;20
39284881;0;5;1;20
48853149;0;44;1;30
22526248;0;46;0;20
16608538;0;39;1;10
22467817;0;35;1;30
5443440;0;39;1;20
36489915;0;45;1;30
34496334;0;27;1;20
34918208;0;6;1;10
15020703;0;12;1;20
41266754;0;20;0;10
14719783;0;4;1;30
5077075;0;45;1;20
31194527;0;44;1;20
29147164;0;43;1;20
20910942;0;45;1;40
34315594;0;45;1;10
2750806;0;18;1;30
4981729;0;12;1;20
25807284;0;45;1;10
15980577;0;21;1;20
20770973;0;45;0;20
37764941;0;5;1;10
13380531;0;32;0;10
24433614;0;45;1;10
40453167;0;39;1;20
7169674;0;45;1;10
20695987;0;5;1;20
32143085;0;45;1;10
45535203;0;17;1;20
49483409;0;26;1;20
41607969;0;45;0;10
22509622;0;45;1;20
38016515;0;27;1;40
38205735;0;45;0;10
48155496;0;31;1;20
19804405;0;35;1;10
46138670;0;18;1;40
29736410;0;39;1;10
15971978;0;13;1;10
35028441;0;44;1;10
36049769;0;44;1;20
41696853;0;7;1;10
37719781;0;17;0;10
30589878;0;35;1;20
49633491;0;45;0;10
20882637;0;42;0;10
4700062;0;40;1;40
11352826;0;13;1;30
14510313;0;35;0;20
17946996;0;32;0;10
2164032;0;45;0;20
49839203;0;45;1;10
16489837;0;32;1;20
27630917;0;44;0;10
35928310;0;13;1;20
3003181;0;35;0;20
23549835;0;45;0;10
43093256;0;45;1;20
49102686;0;13;1;20
41491721;0;13;1;30
37546176;0;39;0;40
3145388;0;5;1;20
3216387;1;45;0;30
29375329;1;32;0;20
39404173;1;1;0;20
47259854;1;31;1;10
39160276;1;22;1;20
39963403;1;39;1;10
5049899;1;13;0;20
48196138;1;35;1;10
2723523;1;45;0;20
32229127;1;22;1;10
38395587;1;20;1;20
25864609;1;5;1;10
38249154;1;35;0;20
21072247;1;35;1;10
2598785;1;18;1;40
29029044;1;39;0;10
42356754;1;13;1;40
12576202;1;5;1;20
14991110;1;45;0;30
10998498;1;17;1;20
2004527;1;7;1;30
9532218;1;17;1;10
31114891;1;5;1;10
9490649;1;24;1;20
47130036;1;45;1;10
8585906;1;16;0;20
29265338;1;44;1;40
1073613;1;45;1;20
4261363;1;2;0;20
13892655;1;12;1;20
28582687;1;33;1;30
9008104;1;45;1;30
15379844;1;45;1;20
8322125;1;40;0;10
27750180;1;7;0;20
10579751;1;13;0;20
33964840;1;45;0;10
47822581;1;45;0;10
23956994;1;45;1;20
8891985;1;3;0;20
22537701;1;44;1;10
37583798;1;43;0;20
11072346;1;39;1;20
5905128;1;44;1;40
20537554;1;45;0;20
11958148;1;45;1;20
17344870;1;35;0;10
47693702;1;2;1;10
30126710;1;31;0;20
11655104;1;45;0;30
4480185;1;39;1;20
4960036;1;45;0;20
42529977;1;44;1;10
14911355;1;40;0;20
4703201;1;44;1;30
39834266;1;45;1;10
14357086;1;35;1;20
4642552;1;3;1;20
48890996;1;12;1;20
20226720;1;45;0;20
5475075;1;39;1;20
11317783;1;18;1;10
12501749;1;15;0;20
17848753;1;20;0;20
4151557;1;16;1;20
41596821;1;22;0;10
38551852;1;39;0;10
37905963;1;43;1;10
27587240;1;45;1;20
33928176;1;38;0;20
13272667;1;13;1;20
16980332;1;5;1;20
26318544;1;39;1;10
10049049;1;13;1;30
32624740;1;45;0;10
12135791;1;13;1;20
41133627;1;45;1;20
12442274;1;39;1;20
2463639;1;44;1;20
29859491;1;2;0;10
48082575;1;22;1;20
21129344;1;17;0;10
16602726;1;45;1;10
47943103;1;5;1;10
8404128;1;20;1;20
31891104;1;18;0;20
4976129;1;3;1;30
31929387;1;45;0;10
23573988;1;45;1;10
41974499;1;7;1;10
47185982;1;44;1;20
12435872;1;45;1;20
2879940;1;44;0;20
5301900;1;29;1;10
17275687;1;45;1;20
3747618;1;45;1;30
8019531;1;16;1;20
7142980;1;13;1;20
38474676;1;39;1;20
4234048;1;45;1;40
49702186;1;44;1;10
14869243;1;16;1;10
11815209;1;18;1;30
48431343;1;13;1;10
21157436;1;39;1;20
41872921;1;45;1;20
10434631;1;39;0;10
10419623;1;39;1;20
3630175;1;45;1;20
36838877;1;45;1;20
48432840;1;45;1;20
6326459;1;5;1;20
30659711;1;45;0;10
16224937;1;12;1;20
6107640;1;39;0;20
36545108;1;45;1;20
36226445;1;45;1;20
7707627;1;45;1;20
47229893;1;44;1;20
5187520;1;45;0;20
7383186;1;13;1;10
32855400;1;32;0;20
10589034;1;18;1;40
16306985;1;39;1;20
49565088;1;45;1;60
33497889;1;45;1;20
7226955;1;3;1;20
49001500;1;16;1;30
20975080;1;18;0;20
20669863;1;2;1;10
34498537;1;17;0;20
25192924;1;32;0;10
21984293;1;13;0;10
49411389;1;31;1;10
9852180;1;13;1;30
5182651;1;37;1;20
2815913;1;45;0;20
8395038;1;18;1;20
2137663;1;5;1;30
34445112;1;39;0;20
21734456;1;4;0;10
46386761;1;40;0;10
16592373;1;27;1;10
40217971;1;34;1;20
48806760;1;5;0;10
7785840;1;44;1;10
48066499;1;35;1;10
7590351;1;15;1;20
47871142;1;45;0;10
9736592;1;35;0;20
4801210;1;45;0;20
19814305;1;32;1;10
31002173;1;39;1;10
34205809;1;45;1;20
12164583;1;13;1;20
12512101;1;39;1;20
35980365;1;5;0;10
16332887;1;45;1;20
4427996;1;45;0;20
6691974;1;42;1;10
43114303;1;5;0;20
18904839;1;35;1;10
8338411;1;13;1;30
48970052;1;5;0;10
2670840;1;5;1;20
2790267;1;45;1;30
32152459;1;16;1;10
5602100;1;5;1;30
47113806;1;44;1;10
13138949;1;42;1;20
37432505;1;45;0;20
8122101;1;45;0;20
6452602;1;29;1;20
6054796;1;39;0;20
35334453;1;35;1;20
45253106;1;39;1;20
33154327;1;35;0;10
29198248;1;13;1;20
5855735;1;13;1;20
2486992;1;40;1;30
49598340;1;45;1;10
20022503;1;5;1;20
46914175;1;45;1;20
21074739;1;5;0;10
15019699;1;13;0;20
11524571;1;35;1;10
18145595;1;39;0;10
42608579;1;31;1;20
36730297;1;39;0;10
34686560;1;39;0;20
6801596;1;16;0;20
40461148;1;13;0;10
19386186;1;2;0;20
19178563;1;45;1;20
9080601;1;45;1;20
4846202;1;11;1;30
29952440;1;8;0;20
5696716;1;39;1;20
48836820;1;17;1;50
10674038;1;45;1;30
41296725;1;32;1;10
20004294;1;13;1;20
47075753;1;44;1;20
45368859;1;6;1;20
8686479;1;45;0;10
8950363;1;39;0;10
4036441;1;12;1;20
5262345;1;45;1;20
20984602;1;39;0;20
6751301;1;11;1;20
14769720;1;39;1;10
14872732;1;14;1;30
8058838;1;39;1;20
5808768;1;39;1;20
21625304;1;7;1;10
16288942;1;14;1;20
31251828;1;35;0;10
13574354;1;41;1;10
46169913;1;35;0;10
8235462;1;45;1;30
38096709;1;43;0;10
31445873;1;45;1;20
37850001;1;43;1;10
35572355;1;39;1;20
8780411;1;13;0;20
11003011;1;44;1;10
14602014;1;44;1;20
13045546;1;21;1;30
49553325;1;40;1;20
39512465;1;45;0;30
40564156;1;3;0;20
31872539;1;39;0;10
3118378;1;45;0;20
8992416;1;35;1;20
40428705;1;18;1;10
45264187;1;35;1;10
12410336;1;35;0;10
8333821;1;44;1;20
21725155;1;17;1;20
4398384;1;5;1;20
13200785;1;45;1;20
9951955;1;45;1;40
13989872;1;43;1;20
6488636;1;45;0;20
25473807;1;45;1;20
36607028;1;39;0;20
25146204;1;45;1;10
48375418;1;45;0;10
38942433;1;35;1;20
38855301;1;35;0;10
49218468;1;13;1;20
31372740;1;32;1;10
23577256;1;45;1;10
31751390;1;13;1;10
4755950;1;44;1;20
6297694;1;16;1;30
8077396;1;7;1;10
42324492;1;45;1;10
28903055;1;45;0;10
3644871;1;45;0;20
29484874;1;39;1;20
20884472;1;36;1;20
27954860;1;13;0;10
35864484;1;16;1;10
49565197;1;2;1;10
13860384;1;27;0;30
49654766;1;17;1;10
10749363;1;44;0;10
24710417;1;39;1;40
45951139;1;27;1;10
38456955;1;45;0;20
26129907;1;9;1;20
2769208;1;45;1;20
30584614;1;13;1;10
46046521;1;16;1;20
10361236;1;7;1;20
45854623;1;45;1;20
39007694;1;5;0;10
5281283;1;5;1;20
17610260;1;5;1;10
10255764;1;35;0;20
11385509;1;39;0;20
47158209;1;7;1;10
7790085;1;45;1;20
47859102;1;45;1;20
42112467;1;43;1;20
47651868;1;33;1;20
48485173;1;35;1;20
6984852;1;46;1;20
45538196;1;36;1;10
47831459;1;27;0;20
9029318;1;16;0;20
19369360;1;13;1;50
9018630;1;35;0;10
42122450;1;45;1;20
37220927;1;43;0;20
10705792;1;26;1;20
5120459;1;7;1;20
9241512;1;13;1;20
9454881;1;33;1;20
24700221;1;28;1;30
6929081;1;7;0;20
33501873;1;43;1;20
27537808;1;43;1;10
2176550;1;40;0;20
42308536;1;14;0;20
6988870;1;39;1;40
18053914;1;44;0;10
39599479;1;39;0;10
31397034;1;43;1;20
33816422;1;13;1;20
40659657;1;35;0;10
14332325;1;39;0;10
9040061;1;33;1;40
34004071;1;45;0;20
10825378;1;17;0;10
46759335;1;44;1;20
4205532;1;32;1;30
24696957;1;25;1;20
47931648;1;39;0;10
49389355;1;5;1;10
49884540;1;45;1;20
48015821;1;39;1;20
49027199;1;45;0;20
6667398;1;13;1;40
29351718;1;39;0;20
46785012;1;44;0;10
4559082;1;45;1;20
8843645;1;5;1;20
4471917;1;39;0;20
9941256;1;35;0;10
6015904;1;40;1;20
28976580;1;31;1;20
42981309;1;31;1;10
4071767;1;45;0;40
41103330;1;39;0;10
16811624;1;13;1;30
5271002;1;8;1;20
7402385;1;13;1;20
15160456;1;39;1;30
3350655;1;44;1;20
24941809;1;45;1;20
10375709;1;16;0;40
7983752;1;2;1;20
6232199;1;45;1;20
10790906;1;39;0;10
17993016;1;7;0;10
8725499;1;5;1;20
14646008;1;17;0;10
2411506;1;40;1;20
38815152;1;6;1;20
9674741;1;45;1;20
2161358;1;45;1;20
15970457;1;39;1;20
26907743;1;5;0;20
19606833;1;39;1;20
38139762;1;45;0;10
29732005;1;35;1;10
42734102;1;35;1;20
36610990;1;28;0;10
27431224;1;45;1;20
33616772;1;16;0;20
26818389;1;40;0;20
29147363;1;44;1;10
32958122;1;6;0;20
10473272;1;16;1;30
42195659;1;45;0;20
39968196;1;7;1;20
47075063;1;23;1;10
11235872;1;13;1;60
6286659;1;28;1;20
6394667;1;32;0;10
28842557;1;45;1;20
46836056;1;6;1;10
2063610;1;14;1;30
31392013;1;39;1;20
40291586;1;12;0;20
5195543;1;2;1;20
11546610;1;39;1;20
32381897;1;43;0;10
9002707;1;18;0;20
7087828;1;17;1;30
16359197;1;39;0;20
47507644;1;45;1;20
47145748;1;36;0;10
41433180;1;35;0;10
48230101;1;5;0;10
4496879;1;35;1;30
20422084;1;44;0;10
10480939;1;45;1;30
13200069;1;12;0;20
3800836;1;32;0;10
39202097;1;22;1;10
27833478;1;45;1;20
5284576;1;35;1;20
32359746;1;5;1;20
30982509;1;31;1;10
2251719;1;32;1;30
38405204;1;5;1;10
48108768;1;5;1;10
49335478;1;39;1;30
8960526;1;45;0;20
10830297;1;5;0;20
5357946;1;38;0;20
7964353;1;16;1;0
31598120;1;40;1;40
20891634;1;45;1;10
8169397;1;23;1;10
35536372;1;2;1;10
2840928;1;45;1;20
10916695;1;32;1;20
2218972;1;44;1;20
16021750;1;16;1;30
7978894;1;44;1;30
11911228;1;45;0;20
48485899;1;25;1;10
9166008;1;31;1;20
11110815;1;23;1;30
48560078;1;45;1;10
20760198;1;13;1;10
48515337;1;31;0;10
7966460;1;39;0;10
5218229;1;17;1;10
22184476;1;31;1;20
4320892;1;31;1;20
42745368;1;35;1;10
18576837;1;39;1;20
41886450;1;16;1;20
32514942;1;44;1;10
7307250;1;13;1;20
11124232;1;39;1;30
4698243;1;45;1;20
2424978;1;32;1;20
48396209;1;45;0;30
21979699;1;45;1;20
10637132;1;35;1;30
49696630;1;45;1;30
49221579;1;45;1;20
22901061;1;44;1;10
20848093;1;5;0;10
35032675;1;13;1;20
22647177;1;5;1;10
9227077;1;43;0;20
14622140;1;5;1;20
48806678;1;2;1;10
31712476;1;39;0;10
19991171;1;31;0;20
11798159;1;16;0;30
4030069;1;45;1;20
47173754;1;45;1;10
12627031;1;45;1;20
34133629;1;32;1;30
11969358;1;45;1;20
47581408;1;43;1;20
49568804;1;9;0;20
49601034;1;5;0;10
8969878;1;45;0;20
3439260;1;38;1;20
38083405;1;45;1;20
18290094;1;5;0;20
48084375;1;39;1;20
34459593;1;43;1;10
33926445;1;31;0;20
34592011;1;45;0;10
31954020;1;5;1;10
39568191;1;45;1;20
5081478;1;17;1;20
4839509;1;13;1;20
46149563;1;13;1;20
4617861;1;18;1;20
45738238;1;44;1;20
36321965;1;31;0;20
13635457;1;39;1;10
45389356;1;6;0;10
47366727;1;45;1;10
3388483;1;45;0;30
49260911;1;45;0;50
14316142;1;42;0;20
8408357;1;13;1;20
19491583;1;5;1;20
10011960;1;40;1;20
23547904;1;45;1;20
5827018;1;28;0;20
2126581;1;17;1;20
21767361;1;45;0;20
36631209;1;5;1;10
38422896;1;35;1;20
18040756;1;13;1;10
39649704;1;31;1;20
4331371;1;16;0;20
28941632;1;45;1;10
49605567;1;39;0;10
8166891;1;17;1;10
30431991;1;39;0;10
7785524;1;13;1;30
10412462;1;13;1;20
13411348;1;5;0;10
2420117;1;33;1;20
3852474;1;13;1;20
8070000;1;43;0;20
3428113;1;45;0;20
27277272;1;44;1;20
29761591;1;39;0;10
4114013;1;23;1;30
12876236;1;44;1;40
15570282;1;43;0;20
7786603;1;44;1;20
16975266;1;3;0;20
26630159;1;13;1;20
17159573;1;33;1;20
15562049;1;44;1;30
49793826;1;18;0;20
14839883;1;6;1;30
14556557;1;5;1;20
11674512;1;45;1;20
19026851;1;35;1;20
2429166;1;29;1;20
29254631;1;45;0;10
36092716;1;13;0;30
4961520;1;27;1;20
11779538;1;35;0;20
28449206;1;42;0;10
22642943;1;43;1;20
34508008;1;5;0;10
3426972;1;13;1;20
12977074;1;44;0;10
11474262;1;44;1;10
7877317;1;44;0;10
35539515;1;35;0;20
37290728;1;40;1;20
29014513;1;6;1;10
48553454;1;5;0;10
18241818;1;21;1;30
24937311;1;30;1;20
26794986;1;2;1;10
4661664;1;17;1;20
48541093;1;45;0;30
7138725;1;44;1;40
5566672;1;15;0;10
33524053;1;5;0;10
28336610;1;45;1;20
25157591;1;33;1;10
27058134;1;45;1;20
21633023;1;35;1;40
9276284;1;13;1;20
8851514;1;35;1;20
28038848;1;43;0;10
46951535;1;35;0;10
46520421;1;11;0;20
2237732;1;45;1;40
49044012;1;7;1;30
20935112;1;44;1;20
49523141;1;13;1;20
49240183;1;6;1;10
27226968;1;28;1;20
35074632;1;31;0;10
2786249;1;33;1;30
33470762;1;45;1;10
4963485;1;13;1;20
40507264;1;44;0;10
5105750;1;44;0;20
29297811;1;35;0;10
7813133;1;32;1;20
20698721;1;27;1;20
10437123;1;39;1;30
30167065;1;35;1;10
3260727;1;45;1;20
27931584;1;36;1;10
2444166;1;13;1;20
20073867;1;43;1;20
17952377;1;29;1;20
1021445;1;45;1;30
16414197;1;45;0;10
4749553;1;1;1;20
48217618;1;5;1;10
25502174;1;27;1;20
11174963;1;13;1;10
22488730;1;2;1;20
49191635;1;28;1;20
39140052;1;6;1;20
15507910;1;43;0;20
34035345;1;45;1;20
18878418;1;39;1;10
48884533;1;44;1;20
30183637;1;45;0;20
20497412;1;5;1;10
24768197;1;14;1;20
21505002;1;44;0;20
9973451;1;44;1;20
22234453;1;9;1;20
33218755;1;28;1;20
23477189;1;45;1;10
4783245;1;45;1;20
5290754;1;45;0;20
8683942;1;35;1;20
14713634;1;45;1;10
29061460;1;6;1;10
17440094;1;44;1;10
20641952;1;38;1;20
38612064;1;6;0;20
7979064;1;9;1;20
5987961;1;13;1;40
4065747;1;37;1;20
35173732;1;39;0;10
36997011;1;29;1;10
26466055;1;39;1;20
7064210;1;44;1;20
10601625;1;16;1;20
42259342;1;35;1;20
45622809;1;35;1;20
25502208;1;39;1;20
9088110;1;45;1;20
5444880;1;32;0;20
36147674;1;39;1;10
15795898;1;45;1;20
39806151;1;45;1;20
37249473;1;5;1;20
40718753;1;5;1;20
20274304;1;14;1;50
17090255;1;1;1;10
49480391;1;45;1;30
12150960;1;5;1;20
21483612;1;32;1;40
31686646;1;0;0;10
29627761;1;45;1;20
30118331;1;21;1;10
7618066;1;1;1;20
5425183;1;5;1;20
22682934;1;45;1;20
13336676;1;24;1;20
5626921;1;7;0;20
6168135;1;35;1;20
17896632;1;39;0;20
42751968;1;39;1;10
47072039;1;39;1;10
20284367;1;5;1;20
5779661;1;39;1;20
39006488;1;45;1;20
8182076;1;17;1;20
10555732;1;44;1;10
19140219;1;5;1;10
30526200;1;39;1;20
46274867;1;39;1;20
23320224;1;45;1;20
32726094;1;39;1;10
4180930;1;45;0;20
39510567;1;2;1;20
45672006;1;14;1;20
2956480;1;13;1;20
20287050;1;7;1;10
28755234;1;39;1;20
40236154;1;6;1;10
48273726;1;17;0;10
11721244;1;13;0;20
6548448;1;15;1;20
27913542;1;39;0;20
30014913;1;35;1;20
5045314;1;45;1;30
30156331;1;44;1;10
16752106;1;35;0;10
47001776;1;18;1;20
46613531;1;45;0;20
8821649;1;40;1;20
45460253;1;13;1;20
46245185;1;13;1;20
10941883;1;18;1;20
28789471;1;44;1;20
34272390;1;43;0;20
2369061;1;45;1;20
14285779;1;35;1;20
46501266;1;39;0;10
31908406;1;40;0;20
35366516;1;39;1;10
15401176;1;5;1;30
3918081;1;45;0;30
15746859;1;18;1;30
11914657;1;13;0;10
4821559;1;44;1;20
2689446;1;44;1;30
4063309;1;45;1;20
31341952;1;45;1;20
36254405;1;28;1;20
33128722;1;5;1;20
3247012;1;45;1;50
42979604;1;13;1;20
8806211;1;5;1;10
5557139;1;44;1;20
4422382;1;8;0;20
9591704;1;44;1;30
22110739;1;21;1;20
18313644;1;44;0;10
18412820;1;5;1;20
36339051;1;17;1;30
7064846;1;45;1;30
34947718;1;45;1;10
30736795;1;27;1;10
33822089;1;7;1;20
26684693;1;45;0;20
49763738;1;45;1;10
47265089;1;39;0;10
10274685;1;31;1;20
11122708;1;45;1;30
38485010;1;39;0;10
33923581;1;5;0;10
48766524;1;2;1;20
10053550;1;5;1;20
10217922;1;11;0;20
9041919;1;18;1;10
15514592;1;13;1;10
4267131;1;5;0;20
17117764;1;39;1;20
10452108;1;35;0;20
9645806;1;13;1;30
27915375;1;39;1;20
7331980;1;45;1;10
5120722;1;31;1;20
22538920;1;30;1;20
7959070;1;40;0;20
31328302;1;35;1;10
10459552;1;45;1;20
21773046;1;5;1;20
2262122;1;45;1;40
20835906;1;18;1;10
3383299;1;44;1;20
27884824;1;35;0;10
48767949;1;45;1;20
2621596;1;17;1;20
35695013;1;45;1;10
21894698;1;44;0;10
28636230;1;33;1;10
7889220;1;45;1;20
35961025;1;31;1;10
25007196;1;39;1;20
45622164;1;22;1;30
10498712;1;35;0;20
29910864;1;26;0;20
14629618;1;19;1;90
30607940;2;44;0;20
4960888;2;45;1;20
17209130;2;28;0;10
26162883;2;36;1;20
7201211;2;44;0;30
3814692;2;44;1;30
22764410;2;44;1;20
14127209;2;45;1;30
21998773;2;45;1;20
33240381;2;31;1;10
48079933;2;40;0;10
3264644;2;7;1;20
49827221;2;40;1;20
14904841;2;33;1;20
49634999;2;35;0;10
29555150;2;39;1;10
36180289;2;7;1;10
14619379;2;6;1;20
38622779;2;35;1;10
48841737;2;45;0;20
4851374;2;45;0;20
19200558;2;13;0;10
11730582;2;13;0;20
30054697;2;5;0;10
21792622;2;45;0;20
1058776;2;32;1;20
16094503;2;13;1;10
37968984;2;26;0;20
15173004;2;35;1;10
30932256;2;5;0;10
36999996;2;44;1;10
31503406;2;5;1;20
9584848;2;32;1;40
33436902;2;44;1;30
41558084;2;44;1;10
19593786;2;39;0;20
49775495;2;20;0;10
11091471;2;5;1;20
36708275;2;45;1;20
35824857;2;45;0;10
14625089;2;5;1;20
3488981;2;45;1;20
16592984;2;35;1;20
48878979;2;5;0;10
3630479;2;45;1;40
38884275;2;35;1;10
49380085;2;22;1;10
15623068;2;5;0;10
42905691;2;5;0;10
39390490;2;35;1;10
48249462;2;5;1;20
45243045;2;21;1;20
21269650;2;44;1;30
4895714;2;45;1;30
35547661;2;35;0;20
47248786;2;42;0;20
5810176;2;37;1;20
46057100;2;9;1;20
30667447;2;5;1;10
2760978;2;44;1;20
22360067;2;13;1;20
9014869;2;7;1;20
47476132;2;39;1;20
8020543;2;35;1;10
15503736;2;45;1;10
7592162;2;39;0;10
27222068;2;45;1;20
45732248;2;33;1;30
20311905;2;39;1;20
25106379;2;35;1;10
25656971;2;45;1;30
14705172;2;5;1;20
39968679;2;39;1;10
32717381;2;7;0;20
15739176;2;39;1;20
10159486;2;27;1;10
6532902;2;14;1;10
47028289;2;35;1;10
6936483;2;27;1;20
26387795;2;45;0;20
24993266;2;31;1;20
33624110;2;5;1;10
38965061;2;23;1;10
5849136;2;45;1;20
19378175;2;36;0;20
41616256;2;45;1;20
21349644;2;26;1;20
5657493;2;36;1;20
4154544;2;5;1;30
18541122;2;45;1;20
49022892;2;5;0;10
31590142;2;13;0;10
14672219;2;45;0;10
15328302;2;39;0;10
11362235;2;35;1;20
19223051;2;36;0;20
5516241;2;5;0;20
3815094;2;36;1;30
17727766;2;18;1;10
2878208;2;39;1;20
35226943;2;43;0;10
33603777;2;39;1;20
49862688;2;44;1;20
7301841;2;35;1;20
5563917;2;7;0;20
33144837;2;39;1;20
32348390;2;13;1;20
20498177;2;45;0;20
8837346;2;35;0;20
48089059;2;5;1;20
9092261;2;45;1;20
29567818;2;35;0;10
20044202;2;45;1;20
30410303;2;16;1;20
7546184;2;7;1;20
49259242;2;5;1;10
8795438;2;39;1;20
9525534;2;5;1;30
47897650;2;5;1;10
3177206;2;18;1;20
49887143;2;6;1;20
38839032;2;17;1;20
3631665;2;45;1;20
7495015;2;44;1;10
34883912;2;39;0;20
39788101;2;2;0;20
13312841;2;44;1;20
10715512;2;34;0;20
17984303;2;27;0;20
10713419;2;13;1;10
10681409;2;41;0;20
47255227;2;18;1;20
20033514;2;45;0;20
6923313;2;45;1;20
9178381;2;35;0;20
38109236;2;44;1;10
6683652;2;45;1;10
10826465;2;39;1;20
47118282;2;12;1;10
40242940;2;9;1;30
7982674;2;32;1;20
36586346;2;5;1;10
35585554;2;5;1;20
14223094;2;32;1;30
20261443;2;44;1;10
28649993;2;20;1;10
36220499;2;28;1;20
31743615;2;23;0;10
25057857;2;5;0;10
49773880;2;45;1;30
20171831;2;22;1;20
2813103;2;5;1;30
31032593;2;35;1;10
6274206;2;5;1;20
8320696;2;2;0;10
14948987;2;44;1;30
14568621;2;35;0;20
49500971;2;29;1;20
17371068;2;4;1;20
40928207;2;40;1;30
13161589;2;16;1;20
5865059;2;13;1;20
35528228;2;5;1;20
9331487;2;45;1;20
24175312;2;45;1;20
30884369;2;44;1;10
42714317;2;7;1;10
11032924;2;43;1;20
6578509;2;35;1;20
9088103;2;45;1;10
39175573;2;5;1;20
31679654;2;45;1;30
38598019;2;39;1;10
25640404;2;5;1;10
19646067;2;5;1;30
2287295;2;32;1;20
9350953;2;5;1;30
7779597;2;5;1;20
30162791;2;29;1;10
7863956;2;39;1;30
24673648;2;32;1;10
30762814;2;39;0;20
11931298;2;9;0;20
3094815;2;45;1;30
41095565;2;5;0;10
22419008;2;45;1;10
31005504;2;44;1;10
45624318;2;30;1;10
3468254;2;45;0;10
17399932;2;28;0;20
19393630;2;44;1;20
48858093;2;31;1;20
33761331;2;32;1;20
47192907;2;45;1;10
21399829;2;17;1;20
6068470;2;45;1;30
47647516;2;25;0;10
2649794;2;45;1;20
19008038;2;5;0;10
4168178;2;33;1;20
42489867;2;45;1;10
21595017;2;12;1;10
35200362;2;39;1;10
33796394;2;39;1;10
4530700;2;44;1;20
48433589;2;44;1;20
24027560;2;45;1;20
18889057;2;45;1;20
28447182;2;16;0;10
2199141;2;17;1;30
15536928;2;35;0;10
21132397;2;35;1;10
4935597;2;45;1;30
47666074;2;9;0;10
2112074;2;45;1;30
10177574;2;21;1;10
29723945;2;42;0;20
48366346;2;2;0;20
11929127;2;45;1;30
18023238;2;45;1;20
31042003;2;5;1;10
41702834;2;22;1;20
36245205;2;5;1;10
32994955;2;40;0;10
5502596;2;39;1;20
45161465;2;11;1;10
24100586;2;5;1;20
10381061;2;36;1;20
25931631;2;44;1;10
8239265;2;12;1;10
45288511;2;0;1;10
7694629;2;40;1;20
10756938;2;16;1;20
6469322;2;35;1;20
16730539;2;35;1;20
31390110;2;45;1;30
6352585;2;30;0;20
32893691;2;20;1;20
40810572;2;20;0;20
5216305;2;28;1;30
15360603;2;41;1;20
6781030;2;5;0;20
19874669;2;44;1;20
15919771;2;39;1;20
36743607;2;43;1;20
6566442;2;44;0;20
9936070;2;44;1;40
26673104;2;7;1;20
19807934;2;35;1;10
46184730;2;13;1;10
4592065;2;44;1;30
7653788;2;31;0;20
33346200;2;31;1;10
47479801;2;3;1;30
5983120;2;44;1;20
34633121;2;5;1;20
5943732;2;17;1;20
12374721;2;28;1;20
15827171;2;46;1;20
25020412;2;16;0;10
2355387;2;23;1;30
13073035;2;45;1;20
18016381;2;36;0;10
42428256;2;44;1;10
48037942;2;22;0;10
8542576;2;42;1;20
42968852;2;2;1;10
6358116;2;44;1;20
16321952;2;7;1;20
48778840;2;45;1;20
26987128;2;35;1;10
14718956;2;39;1;20
32056396;2;5;1;20
49470340;2;39;1;10
39497876;2;5;1;10
42912808;2;6;1;10
27082582;2;5;0;20
21191631;2;35;0;20
6340076;2;39;1;20
3628128;2;13;1;30
2590118;2;39;1;20
37006175;2;44;1;10
49433509;2;0;1;10
39641489;2;45;1;20
42662657;2;43;1;20
4785261;2;35;1;20
39229443;2;5;0;10
6606871;2;32;1;20
17836319;2;40;1;20
21801509;2;28;0;10
2703135;2;45;1;20
18056937;2;27;1;10
13939731;2;31;1;20
21131138;2;44;1;20
49154327;2;18;1;20
40309140;2;9;1;20
32381204;2;5;0;10
10176536;2;44;0;30
17190745;2;44;1;20
3350439;2;36;1;30
8991910;2;44;1;20
32691167;2;46;0;20
13004967;2;12;0;10
10811573;2;6;1;10
37792577;2;22;1;10
26310409;2;33;1;20
15989131;2;45;1;20
22056226;2;7;0;20
25825390;2;5;1;10
47639902;2;25;1;20
8156389;2;40;0;20
22714479;2;12;0;20
2013259;2;36;1;20
6594830;2;42;0;20
3769502;2;44;1;20
3289066;2;27;1;30
4750611;2;5;1;20
47259503;2;37;1;10
2244480;2;44;1;20
5591995;2;18;1;20
5442632;2;2;1;20
17603656;2;35;0;10
32006640;2;45;1;20
6310650;2;13;0;20
9150634;2;13;1;20
22565753;2;35;1;10
37361907;2;44;1;20
17645104;2;2;1;20
34236955;2;45;1;20
8589595;2;45;1;20
30352097;2;44;1;20
21834049;2;13;1;30
34378476;2;35;1;20
48349263;2;39;1;20
16589736;2;39;1;20
11644967;2;13;1;10
48492426;2;11;1;10
20723610;2;39;0;10
31171794;2;44;1;40
16113985;2;45;1;30
43065749;2;43;0;20
8750815;2;45;1;10
18231753;2;3;0;20
35930357;2;13;1;20
34340213;2;45;1;20
5091085;2;44;1;20
21026041;2;44;0;20
29945725;2;7;0;30
2644695;2;16;1;30
36645667;2;44;1;10
49535589;2;26;1;20
9362415;2;45;1;20
20851912;2;39;1;20
47383118;2;17;1;20
10305118;2;2;1;10
42219144;2;35;1;20
10354710;2;45;0;20
10638992;2;44;1;10
16967195;2;12;0;20
48541170;2;5;1;10
15401203;2;5;0;20
40368239;2;37;0;10
8889471;2;45;1;10
38884924;2;13;1;20
13728997;2;35;1;20
13816443;2;44;1;20
16280342;2;44;1;20
29116468;2;1;1;10
9397579;2;5;1;20
31132106;2;39;1;20
45220057;2;44;1;20
40416260;2;3;1;10
8038619;2;43;1;20
7130208;2;39;1;20
5169260;2;45;1;20
25208555;2;13;1;50
29985012;2;45;1;10
47067358;2;44;1;10
10722565;2;35;1;10
10918083;2;12;1;10
47076754;2;43;1;10
21157672;2;35;0;20
42845367;2;44;0;10
15712810;2;32;0;10
42873093;2;5;1;10
3734720;2;35;1;20
39667686;2;5;1;10
33989728;2;5;1;10
46872368;2;43;0;10
48998558;2;44;1;10
19445047;2;41;1;20
30566551;2;9;0;10
26651818;2;9;1;20
32701023;2;43;1;10
36287078;2;45;0;10
7302292;2;7;1;30
10810145;2;45;1;20
39785637;2;17;1;10
27974865;2;35;1;10
30502200;2;39;1;20
12344688;2;45;1;20
16101101;2;35;0;20
47244074;2;28;1;10
49699629;2;29;0;10
15571350;2;34;0;10
40680556;2;44;1;10
34755359;2;45;0;10
18435051;2;13;1;10
8903245;2;39;1;20
20391799;2;44;1;20
26323935;2;32;0;20
40029632;2;8;0;30
38082243;2;39;0;20
5350860;2;44;1;20
19916420;2;44;0;20
26972140;2;28;1;20
8083774;2;35;1;20
2747640;2;45;0;30
2459995;2;45;1;20
49687571;2;39;1;10
45244460;2;13;1;10
49522170;2;37;0;10
25701321;2;15;1;20
15789785;2;5;0;20
11068360;2;44;1;20
46916195;2;45;0;10
3247689;2;45;0;20
46811153;2;4;1;10
8416342;2;35;1;20
45585789;2;45;0;20
5357974;2;35;1;30
21908913;2;45;1;20
12081184;2;35;0;20
49063912;2;39;1;20
16414741;2;35;1;30
4967017;2;45;1;20
32097189;2;5;0;10
32455350;2;39;0;20
27494716;2;46;1;10
6545254;2;13;1;20
48512926;2;31;1;10
19994253;2;39;1;20
31004165;2;39;0;20
23784719;2;28;1;20
14050866;2;3;1;20
24673565;2;45;1;20
4523353;2;44;1;40
6913364;2;5;1;20
29342297;2;0;1;20
42376838;2;2;0;10
9194110;2;43;1;20
18933505;2;45;0;20
45437250;2;45;1;10
9642628;2;13;1;20
10500664;2;45;0;20
7314089;2;13;0;20
33643062;2;13;1;20
41058907;2;44;1;30
31446973;2;45;1;30
48815702;2;45;0;30
30244469;2;2;0;30
48006186;2;45;0;30
6276865;2;32;1;10
48454168;2;18;1;10
7110072;2;44;1;10
32468040;2;5;1;10
21664131;2;45;1;20
26871457;2;44;1;10
3877643;2;9;1;20
2444880;2;40;1;30
21993053;2;35;1;20
45989904;2;45;1;10
48096980;2;45;1;10
32193029;2;35;1;20
16588908;2;35;1;10
5299573;2;33;0;20
12157246;2;11;1;20
27407693;2;42;0;10
21026225;2;27;0;10
32482271;2;35;0;10
34985616;2;35;0;10
48490383;2;5;1;10
11025639;2;0;1;20
2495737;2;5;1;20
48781441;2;35;0;10
6385666;2;13;1;10
8905635;2;14;1;20
28045434;2;44;0;10
18674561;2;39;1;10
11139379;2;27;0;20
46297062;2;45;1;10
22424781;2;43;1;10
12693660;2;45;1;30
28954422;2;35;1;20
33738477;2;13;0;20
17292472;2;7;1;20
7025270;2;35;1;20
6279741;2;16;1;20
21281434;2;35;0;10
27599680;2;45;0;20
39598228;2;5;1;10
40254888;2;44;1;20
37747345;2;39;1;20
11471389;2;32;1;20
20318709;2;17;1;20
25003810;2;42;1;20
34404751;2;44;1;30
22382567;2;35;0;10
21879258;2;35;1;10
49683893;2;39;1;20
17636233;2;31;0;10
34641758;2;39;1;10
5857001;2;45;1;30
7692466;2;5;1;10
26238782;2;35;0;10
43009758;2;13;1;30
8546023;2;32;1;20
48150872;2;5;1;10
32960780;2;13;1;20
29873589;2;38;1;90
5225127;2;39;1;20
15140890;2;42;0;20
41206742;2;3;1;40
31371152;2;27;1;10
6254124;2;13;1;20
25961960;2;43;0;20
17375007;2;35;0;10
4715699;2;46;0;20
35259987;2;5;1;10
9805870;2;27;1;30
6227464;2;16;1;30
8265837;2;17;0;10
49611011;2;32;1;20
46460706;2;35;1;10
37703253;2;5;0;20
3706441;2;17;1;20
47918071;2;39;1;10
15546991;2;45;1;20
11964106;2;5;1;20
47352370;2;5;1;10
5944207;2;35;1;10
23874401;2;17;1;10
45227840;2;37;1;10
16518810;2;42;0;10
19863834;2;12;1;20
22743125;2;8;1;10
49152354;2;2;0;20
27025998;2;39;1;20
37074357;2;2;0;10
42152966;2;39;1;20
10425264;2;18;1;20
22378877;2;45;1;20
2795805;2;35;1;30
15641777;2;45;0;10
36415548;2;45;0;10
22209685;2;39;1;10
15787275;2;13;1;20
5655380;2;7;1;20
32466262;2;31;1;10
14206367;2;44;0;20
16100473;2;20;1;20
11664549;2;41;1;10
41780101;2;23;1;20
46055823;2;7;1;20
9864265;2;37;1;20
11682363;2;44;1;30
7748805;2;5;1;20
49685931;2;29;1;10
2287915;2;44;1;20
38553299;2;5;1;20
32536149;2;35;1;20
19124244;2;5;1;10
16757849;2;45;1;20
27248646;2;20;1;10
33487854;2;22;1;10
6615236;2;39;1;30
10890109;2;13;1;20
26812571;2;18;1;10
27314685;2;35;1;20
25998509;2;16;1;20
2371498;2;45;1;20
28418016;2;7;1;20
31342978;2;20;1;10
10325579;2;3;1;20
15472218;2;43;0;20
28720758;2;44;1;20
1058825;2;32;1;30
47274291;2;5;1;10
23617794;2;17;1;20
49495481;2;37;1;10
8779560;2;35;0;20
4416792;2;5;0;20
21857088;2;35;1;10
9426738;2;7;1;20
12684072;2;30;1;30
2865038;2;45;1;30
39000040;2;22;1;20
11123117;2;45;1;20
13928853;2;16;1;20
22090272;2;32;1;10
42618648;2;5;1;20
47151051;2;45;1;10
36231987;2;5;1;20
7869577;2;40;1;20
21530089;2;3;1;20
5525357;2;44;1;20
3493862;2;30;0;20
29352077;2;35;0;10
7436168;2;45;1;10
38249453;2;39;1;20
6891384;2;44;1;20
26655699;2;45;1;20
34294645;2;46;0;20
46729024;2;30;1;10
40698923;2;39;1;10
9333127;2;2;1;20
32996224;2;44;1;20
38338948;2;6;1;20
4582372;2;11;1;20
25564491;2;35;1;10
12281192;2;23;0;20
3689316;2;44;1;20
1045479;2;32;1;30
47968786;2;5;1;20
22100552;2;39;0;20
28286844;2;45;1;10
4393555;2;14;1;30
8401542;2;39;1;20
13486009;2;45;1;20
40046089;2;7;0;20
37759648;2;14;1;10
31400742;2;24;1;60
48841084;2;45;0;20
46803677;2;27;1;10
45832409;2;27;1;20
27578153;2;45;0;20
17880222;2;17;1;30
48446943;2;39;1;10
30544472;2;5;0;10
14043336;2;35;1;20
5860925;2;2;1;10
49405822;2;35;1;10
5699387;2;44;1;30
48964676;2;17;1;10
19398743;2;5;1;10
21483646;2;35;1;20
47962516;2;35;1;10
49147214;2;39;1;20
33928954;2;20;0;10
8664343;2;7;1;20
5428675;2;8;1;20
33900061;2;46;1;20
34865342;2;39;1;10
48597002;2;35;1;20
48375076;2;35;1;20
36791587;2;45;1;10
16716864;2;19;0;20
45530000;2;6;1;10
8262092;2;45;1;20
18387234;2;32;1;20
8670134;2;40;1;20
9802576;2;5;1;20
10651552;2;5;1;20
26989740;2;5;1;10
41977911;2;45;1;10
9887145;2;35;0;20
34516780;2;44;1;20
14796648;2;39;1;20
34040775;2;16;1;20
27494943;2;45;0;20
29474203;2;35;1;10
2487577;2;32;1;20
38322386;2;5;1;10
24358054;2;40;1;30
30204887;2;20;1;10
8842049;2;35;1;20
40527050;2;45;1;10
18986035;2;45;1;10
10534234;2;7;1;30
4666082;2;39;1;30
48988168;2;45;0;10
45872223;2;5;0;20
46702742;2;35;0;20
30027184;2;38;1;20
6022040;2;16;0;20
10880838;2;2;0;20
41434524;2;5;1;20
5933717;2;39;1;20
47517413;2;38;0;10
35437158;2;35;1;10
40021133;2;5;1;10
9559845;2;0;0;10
36947909;2;5;0;10
10990036;2;35;1;20
14382600;2;35;1;10
27234188;2;45;1;20
49031380;2;5;1;10
12377848;2;39;1;20
20919587;2;39;1;20
48281671;2;35;1;10
36030281;2;19;1;10
12366431;2;20;1;20
23103483;2;45;1;10
5575276;2;44;1;20
21636411;2;7;1;20
2643458;2;35;1;20
32229941;2;27;1;20
38305389;2;43;1;10
47644346;2;28;1;40
45616228;2;32;0;20
39468004;2;28;1;20
7223848;2;44;1;20
34990001;2;5;1;10
39551511;2;5;1;20
33993412;2;39;1;20
49453876;2;7;0;10
32024254;2;5;1;20
26791773;2;20;1;20
19404047;2;9;1;20
33755187;2;39;1;10
48402919;2;45;1;20
42522418;2;4;1;10
39851962;2;32;1;10
2301413;2;32;1;30
21353739;2;13;1;10
10207970;2;32;1;20
5265025;2;39;1;20
12914806;2;41;0;10
47921404;2;18;0;10
47901421;2;35;1;10
20456642;2;17;0;10
48449109;2;45;1;10
41266003;2;35;1;10
11998404;2;32;1;20
9357777;2;5;1;10
28452640;2;35;1;10
18648408;2;35;1;20
41173128;2;5;1;10
2185669;2;44;1;20
6120350;2;39;0;20
20626579;2;35;0;10
5951636;2;45;1;20
6908446;2;39;1;20
47133987;2;35;0;10
47019800;2;5;1;10
34569350;2;15;1;20
26213046;2;9;1;20
13679719;2;35;1;20
15973625;2;35;0;20
47763936;2;5;0;10
5724816;2;39;1;20
49556594;2;35;1;20
28060412;2;17;0;10
18370368;2;39;1;20
3235339;2;17;1;20
48718677;2;35;0;10
37888435;2;35;1;10
34456359;2;13;0;20
42480496;2;35;1;10
5840437;2;5;1;20
8180447;2;35;1;10
34370513;2;35;1;20
37816801;2;9;1;10
36678812;2;39;1;20
18649882;2;20;1;30
17102068;2;35;1;10
